47.186.74.48:
  lat: 32.013988
  long: -96.598243
127.0.0.1:
  lat: 32.013988
  long: -96.598243
