47.186.74.48:
  lat: 32.013988
  long: -96.598243

127.0.0.1:
  lat: 32.013988
  long: -96.598243

67.180.57.99:
  lat: 37.453
  long: -122.1817

75.35.136.40:
  lat: 50.7372980
  long: 7.0980983

