127.0.0.1:
  latitude: 32.013988
  longitude: -96.598243
